"dataset","n_participants"
"fitbit",2790
"healthkit",920
"googlefit",185
"symptomlog",616
"enrolledparticipants",5278
